(kicad_pcb (version 20171130) (host pcbnew "(5.0.0)")

  (general
    (thickness 1.6)
    (drawings 20)
    (tracks 244)
    (zones 0)
    (modules 24)
    (nets 52)
  )

  (page A4)
  (layers
    (0 F.Cu signal)
    (31 B.Cu signal)
    (32 B.Adhes user)
    (33 F.Adhes user)
    (34 B.Paste user)
    (35 F.Paste user)
    (36 B.SilkS user)
    (37 F.SilkS user)
    (38 B.Mask user)
    (39 F.Mask user)
    (40 Dwgs.User user hide)
    (41 Cmts.User user)
    (42 Eco1.User user)
    (43 Eco2.User user)
    (44 Edge.Cuts user)
    (45 Margin user)
    (46 B.CrtYd user hide)
    (47 F.CrtYd user hide)
    (48 B.Fab user hide)
    (49 F.Fab user hide)
  )

  (setup
    (last_trace_width 0.2032)
    (trace_clearance 0.2032)
    (zone_clearance 0.508)
    (zone_45_only no)
    (trace_min 0.2)
    (segment_width 0.2)
    (edge_width 0.15)
    (via_size 1.143)
    (via_drill 0.635)
    (via_min_size 0.4)
    (via_min_drill 0.3)
    (uvia_size 0.3)
    (uvia_drill 0.1)
    (uvias_allowed no)
    (uvia_min_size 0.2)
    (uvia_min_drill 0.1)
    (pcb_text_width 0.3)
    (pcb_text_size 1.5 1.5)
    (mod_edge_width 0.15)
    (mod_text_size 1 1)
    (mod_text_width 0.15)
    (pad_size 1.524 1.524)
    (pad_drill 0.762)
    (pad_to_mask_clearance 0.2)
    (aux_axis_origin 0 0)
    (visible_elements 7FFFFFFF)
    (pcbplotparams
      (layerselection 0x010fc_ffffffff)
      (usegerberextensions false)
      (usegerberattributes false)
      (usegerberadvancedattributes false)
      (creategerberjobfile false)
      (excludeedgelayer true)
      (linewidth 0.100000)
      (plotframeref false)
      (viasonmask false)
      (mode 1)
      (useauxorigin false)
      (hpglpennumber 1)
      (hpglpenspeed 20)
      (hpglpendiameter 15.000000)
      (psnegative false)
      (psa4output false)
      (plotreference true)
      (plotvalue true)
      (plotinvisibletext false)
      (padsonsilk false)
      (subtractmaskfromsilk false)
      (outputformat 1)
      (mirror false)
      (drillshape 1)
      (scaleselection 1)
      (outputdirectory ""))
  )

  (net 0 "")
  (net 1 "Net-(R12-Pad2)")
  (net 2 "Net-(R12-Pad1)")
  (net 3 GND)
  (net 4 +5V)
  (net 5 "Net-(LCD1-Pad12)")
  (net 6 "Net-(LCD1-Pad15)")
  (net 7 "Net-(LCD1-Pad16)")
  (net 8 "Net-(LCD1-Pad17)")
  (net 9 "Net-(LCD1-Pad18)")
  (net 10 "Net-(LCD1-Pad19)")
  (net 11 "Net-(LCD1-Pad20)")
  (net 12 "Net-(LCD1-Pad21)")
  (net 13 "Net-(LCD1-Pad22)")
  (net 14 "Net-(LCD1-Pad23)")
  (net 15 "Net-(LCD1-Pad24)")
  (net 16 "Net-(LCD1-Pad25)")
  (net 17 "Net-(LCD1-Pad26)")
  (net 18 "Net-(LCD1-Pad27)")
  (net 19 "Net-(LCD1-Pad28)")
  (net 20 "Net-(LCD1-Pad29)")
  (net 21 "Net-(LCD1-Pad30)")
  (net 22 "Net-(LCD1-Pad32)")
  (net 23 "Net-(U1-Pad2)")
  (net 24 "Net-(U1-Pad4)")
  (net 25 "Net-(U1-Pad6)")
  (net 26 "Net-(U1-Pad8)")
  (net 27 "Net-(U1-Pad14)")
  (net 28 "Net-(R13-Pad1)")
  (net 29 "Net-(R13-Pad2)")
  (net 30 /CTP_SCL)
  (net 31 /CTP_SDA)
  (net 32 /SCK)
  (net 33 /SDO)
  (net 34 /SCS)
  (net 35 /INT)
  (net 36 /WAIT)
  (net 37 /BL_PWM)
  (net 38 /SDI)
  (net 39 /CP_INT)
  (net 40 /RESET)
  (net 41 /I_CTP_SCL)
  (net 42 /I_CTP_SDA)
  (net 43 /I_SCK)
  (net 44 /I_SDO)
  (net 45 /I_SCS)
  (net 46 /I_INT)
  (net 47 /I_WAIT)
  (net 48 /I_BL_PWM)
  (net 49 /I_SDI)
  (net 50 /I_CP_INT)
  (net 51 /I_RESET)

  (net_class Default "This is the default net class."
    (clearance 0.2032)
    (trace_width 0.2032)
    (via_dia 1.143)
    (via_drill 0.635)
    (uvia_dia 0.3)
    (uvia_drill 0.1)
    (add_net +5V)
    (add_net /BL_PWM)
    (add_net /CP_INT)
    (add_net /CTP_SCL)
    (add_net /CTP_SDA)
    (add_net /INT)
    (add_net /I_BL_PWM)
    (add_net /I_CP_INT)
    (add_net /I_CTP_SCL)
    (add_net /I_CTP_SDA)
    (add_net /I_INT)
    (add_net /I_RESET)
    (add_net /I_SCK)
    (add_net /I_SCS)
    (add_net /I_SDI)
    (add_net /I_SDO)
    (add_net /I_WAIT)
    (add_net /RESET)
    (add_net /SCK)
    (add_net /SCS)
    (add_net /SDI)
    (add_net /SDO)
    (add_net /WAIT)
    (add_net GND)
    (add_net "Net-(LCD1-Pad12)")
    (add_net "Net-(LCD1-Pad15)")
    (add_net "Net-(LCD1-Pad16)")
    (add_net "Net-(LCD1-Pad17)")
    (add_net "Net-(LCD1-Pad18)")
    (add_net "Net-(LCD1-Pad19)")
    (add_net "Net-(LCD1-Pad20)")
    (add_net "Net-(LCD1-Pad21)")
    (add_net "Net-(LCD1-Pad22)")
    (add_net "Net-(LCD1-Pad23)")
    (add_net "Net-(LCD1-Pad24)")
    (add_net "Net-(LCD1-Pad25)")
    (add_net "Net-(LCD1-Pad26)")
    (add_net "Net-(LCD1-Pad27)")
    (add_net "Net-(LCD1-Pad28)")
    (add_net "Net-(LCD1-Pad29)")
    (add_net "Net-(LCD1-Pad30)")
    (add_net "Net-(LCD1-Pad32)")
    (add_net "Net-(R12-Pad1)")
    (add_net "Net-(R12-Pad2)")
    (add_net "Net-(R13-Pad1)")
    (add_net "Net-(R13-Pad2)")
    (add_net "Net-(U1-Pad14)")
    (add_net "Net-(U1-Pad2)")
    (add_net "Net-(U1-Pad4)")
    (add_net "Net-(U1-Pad6)")
    (add_net "Net-(U1-Pad8)")
  )

  (module Connector_PinHeader_2.54mm:PinHeader_1x03_P2.54mm_Vertical (layer F.Cu) (tedit 59FED5CC) (tstamp 5ED4B023)
    (at 128.905 46.355 270)
    (descr "Through hole straight pin header, 1x03, 2.54mm pitch, single row")
    (tags "Through hole pin header THT 1x03 2.54mm single row")
    (path /5ED4FEAE)
    (fp_text reference TB3 (at 8.255 0.405) (layer F.SilkS)
      (effects (font (size 1 1) (thickness 0.15)))
    )
    (fp_text value CONN_1x3 (at 0 7.41 270) (layer F.Fab)
      (effects (font (size 1 1) (thickness 0.15)))
    )
    (fp_line (start -0.635 -1.27) (end 1.27 -1.27) (layer F.Fab) (width 0.1))
    (fp_line (start 1.27 -1.27) (end 1.27 6.35) (layer F.Fab) (width 0.1))
    (fp_line (start 1.27 6.35) (end -1.27 6.35) (layer F.Fab) (width 0.1))
    (fp_line (start -1.27 6.35) (end -1.27 -0.635) (layer F.Fab) (width 0.1))
    (fp_line (start -1.27 -0.635) (end -0.635 -1.27) (layer F.Fab) (width 0.1))
    (fp_line (start -1.33 6.41) (end 1.33 6.41) (layer F.SilkS) (width 0.12))
    (fp_line (start -1.33 1.27) (end -1.33 6.41) (layer F.SilkS) (width 0.12))
    (fp_line (start 1.33 1.27) (end 1.33 6.41) (layer F.SilkS) (width 0.12))
    (fp_line (start -1.33 1.27) (end 1.33 1.27) (layer F.SilkS) (width 0.12))
    (fp_line (start -1.33 0) (end -1.33 -1.33) (layer F.SilkS) (width 0.12))
    (fp_line (start -1.33 -1.33) (end 0 -1.33) (layer F.SilkS) (width 0.12))
    (fp_line (start -1.8 -1.8) (end -1.8 6.85) (layer F.CrtYd) (width 0.05))
    (fp_line (start -1.8 6.85) (end 1.8 6.85) (layer F.CrtYd) (width 0.05))
    (fp_line (start 1.8 6.85) (end 1.8 -1.8) (layer F.CrtYd) (width 0.05))
    (fp_line (start 1.8 -1.8) (end -1.8 -1.8) (layer F.CrtYd) (width 0.05))
    (fp_text user %R (at 0 2.54) (layer F.Fab)
      (effects (font (size 1 1) (thickness 0.15)))
    )
    (pad 1 thru_hole rect (at 0 0 270) (size 1.7 1.7) (drill 1) (layers *.Cu *.Mask)
      (net 3 GND))
    (pad 2 thru_hole oval (at 0 2.54 270) (size 1.7 1.7) (drill 1) (layers *.Cu *.Mask)
      (net 28 "Net-(R13-Pad1)"))
    (pad 3 thru_hole oval (at 0 5.08 270) (size 1.7 1.7) (drill 1) (layers *.Cu *.Mask)
      (net 4 +5V))
    (model ${KISYS3DMOD}/Connector_PinHeader_2.54mm.3dshapes/PinHeader_1x03_P2.54mm_Vertical.wrl
      (at (xyz 0 0 0))
      (scale (xyz 1 1 1))
      (rotate (xyz 0 0 0))
    )
  )

  (module Resistor_SMD:R_0603_1608Metric_Pad1.05x0.95mm_HandSolder (layer F.Cu) (tedit 5B301BBD) (tstamp 5ED4BF7C)
    (at 132.08 56.515 270)
    (descr "Resistor SMD 0603 (1608 Metric), square (rectangular) end terminal, IPC_7351 nominal with elongated pad for handsoldering. (Body size source: http://www.tortai-tech.com/upload/download/2011102023233369053.pdf), generated with kicad-footprint-generator")
    (tags "resistor handsolder")
    (path /5ED4FEB5)
    (attr smd)
    (fp_text reference R13 (at -0.125 1.905 270) (layer F.SilkS)
      (effects (font (size 1 1) (thickness 0.15)))
    )
    (fp_text value 1.00kΩ (at 0 1.43 270) (layer F.Fab)
      (effects (font (size 1 1) (thickness 0.15)))
    )
    (fp_line (start -0.8 0.4) (end -0.8 -0.4) (layer F.Fab) (width 0.1))
    (fp_line (start -0.8 -0.4) (end 0.8 -0.4) (layer F.Fab) (width 0.1))
    (fp_line (start 0.8 -0.4) (end 0.8 0.4) (layer F.Fab) (width 0.1))
    (fp_line (start 0.8 0.4) (end -0.8 0.4) (layer F.Fab) (width 0.1))
    (fp_line (start -0.171267 -0.51) (end 0.171267 -0.51) (layer F.SilkS) (width 0.12))
    (fp_line (start -0.171267 0.51) (end 0.171267 0.51) (layer F.SilkS) (width 0.12))
    (fp_line (start -1.65 0.73) (end -1.65 -0.73) (layer F.CrtYd) (width 0.05))
    (fp_line (start -1.65 -0.73) (end 1.65 -0.73) (layer F.CrtYd) (width 0.05))
    (fp_line (start 1.65 -0.73) (end 1.65 0.73) (layer F.CrtYd) (width 0.05))
    (fp_line (start 1.65 0.73) (end -1.65 0.73) (layer F.CrtYd) (width 0.05))
    (fp_text user %R (at 0 0 270) (layer F.Fab)
      (effects (font (size 0.4 0.4) (thickness 0.06)))
    )
    (pad 1 smd roundrect (at -0.875 0 270) (size 1.05 0.95) (layers F.Cu F.Paste F.Mask) (roundrect_rratio 0.25)
      (net 28 "Net-(R13-Pad1)"))
    (pad 2 smd roundrect (at 0.875 0 270) (size 1.05 0.95) (layers F.Cu F.Paste F.Mask) (roundrect_rratio 0.25)
      (net 29 "Net-(R13-Pad2)"))
    (model ${KISYS3DMOD}/Resistor_SMD.3dshapes/R_0603_1608Metric.wrl
      (at (xyz 0 0 0))
      (scale (xyz 1 1 1))
      (rotate (xyz 0 0 0))
    )
  )

  (module Connector_PinHeader_2.54mm:PinHeader_1x02_P2.54mm_Vertical (layer F.Cu) (tedit 59FED5CC) (tstamp 5ED4BFDD)
    (at 118.11 46.355 90)
    (descr "Through hole straight pin header, 1x02, 2.54mm pitch, single row")
    (tags "Through hole pin header THT 1x02 2.54mm single row")
    (path /5ED4BA85)
    (fp_text reference TB2 (at 0 -2.33 90) (layer F.SilkS)
      (effects (font (size 1 1) (thickness 0.15)))
    )
    (fp_text value Conn_01x02 (at 0 4.87 90) (layer F.Fab)
      (effects (font (size 1 1) (thickness 0.15)))
    )
    (fp_line (start -0.635 -1.27) (end 1.27 -1.27) (layer F.Fab) (width 0.1))
    (fp_line (start 1.27 -1.27) (end 1.27 3.81) (layer F.Fab) (width 0.1))
    (fp_line (start 1.27 3.81) (end -1.27 3.81) (layer F.Fab) (width 0.1))
    (fp_line (start -1.27 3.81) (end -1.27 -0.635) (layer F.Fab) (width 0.1))
    (fp_line (start -1.27 -0.635) (end -0.635 -1.27) (layer F.Fab) (width 0.1))
    (fp_line (start -1.33 3.87) (end 1.33 3.87) (layer F.SilkS) (width 0.12))
    (fp_line (start -1.33 1.27) (end -1.33 3.87) (layer F.SilkS) (width 0.12))
    (fp_line (start 1.33 1.27) (end 1.33 3.87) (layer F.SilkS) (width 0.12))
    (fp_line (start -1.33 1.27) (end 1.33 1.27) (layer F.SilkS) (width 0.12))
    (fp_line (start -1.33 0) (end -1.33 -1.33) (layer F.SilkS) (width 0.12))
    (fp_line (start -1.33 -1.33) (end 0 -1.33) (layer F.SilkS) (width 0.12))
    (fp_line (start -1.8 -1.8) (end -1.8 4.35) (layer F.CrtYd) (width 0.05))
    (fp_line (start -1.8 4.35) (end 1.8 4.35) (layer F.CrtYd) (width 0.05))
    (fp_line (start 1.8 4.35) (end 1.8 -1.8) (layer F.CrtYd) (width 0.05))
    (fp_line (start 1.8 -1.8) (end -1.8 -1.8) (layer F.CrtYd) (width 0.05))
    (fp_text user %R (at 0 1.27 180) (layer F.Fab)
      (effects (font (size 1 1) (thickness 0.15)))
    )
    (pad 1 thru_hole rect (at 0 0 90) (size 1.7 1.7) (drill 1) (layers *.Cu *.Mask)
      (net 3 GND))
    (pad 2 thru_hole oval (at 0 2.54 90) (size 1.7 1.7) (drill 1) (layers *.Cu *.Mask)
      (net 4 +5V))
    (model ${KISYS3DMOD}/Connector_PinHeader_2.54mm.3dshapes/PinHeader_1x02_P2.54mm_Vertical.wrl
      (at (xyz 0 0 0))
      (scale (xyz 1 1 1))
      (rotate (xyz 0 0 0))
    )
  )

  (module MountingHole:MountingHole_3.2mm_M3_ISO7380_Pad (layer F.Cu) (tedit 56D1B4CB) (tstamp 5ED4DCF7)
    (at 107.95 82.55)
    (descr "Mounting Hole 3.2mm, M3, ISO7380")
    (tags "mounting hole 3.2mm m3 iso7380")
    (path /5ED3BE30)
    (attr virtual)
    (fp_text reference H2 (at 0 -3.85) (layer F.SilkS)
      (effects (font (size 1 1) (thickness 0.15)))
    )
    (fp_text value MountingHole (at 0 3.85) (layer F.Fab)
      (effects (font (size 1 1) (thickness 0.15)))
    )
    (fp_circle (center 0 0) (end 3.1 0) (layer F.CrtYd) (width 0.05))
    (fp_circle (center 0 0) (end 2.85 0) (layer Cmts.User) (width 0.15))
    (fp_text user %R (at 0.3 0) (layer F.Fab)
      (effects (font (size 1 1) (thickness 0.15)))
    )
    (pad 1 thru_hole circle (at 0 0) (size 5.7 5.7) (drill 3.2) (layers *.Cu *.Mask))
  )

  (module MountingHole:MountingHole_3.2mm_M3_ISO7380_Pad (layer F.Cu) (tedit 56D1B4CB) (tstamp 5ED4CEF2)
    (at 107.95 48.26)
    (descr "Mounting Hole 3.2mm, M3, ISO7380")
    (tags "mounting hole 3.2mm m3 iso7380")
    (path /5ED3BE70)
    (attr virtual)
    (fp_text reference H3 (at 0 4.445) (layer F.SilkS)
      (effects (font (size 1 1) (thickness 0.15)))
    )
    (fp_text value MountingHole (at 0 3.85) (layer F.Fab)
      (effects (font (size 1 1) (thickness 0.15)))
    )
    (fp_text user %R (at 0.3 0) (layer F.Fab)
      (effects (font (size 1 1) (thickness 0.15)))
    )
    (fp_circle (center 0 0) (end 2.85 0) (layer Cmts.User) (width 0.15))
    (fp_circle (center 0 0) (end 3.1 0) (layer F.CrtYd) (width 0.05))
    (pad 1 thru_hole circle (at 0 0) (size 5.7 5.7) (drill 3.2) (layers *.Cu *.Mask))
  )

  (module MountingHole:MountingHole_3.2mm_M3_ISO7380_Pad (layer F.Cu) (tedit 56D1B4CB) (tstamp 5ED4DCC5)
    (at 146.05 82.55)
    (descr "Mounting Hole 3.2mm, M3, ISO7380")
    (tags "mounting hole 3.2mm m3 iso7380")
    (path /5ED3BEB2)
    (attr virtual)
    (fp_text reference H4 (at 0 -3.85) (layer F.SilkS)
      (effects (font (size 1 1) (thickness 0.15)))
    )
    (fp_text value MountingHole (at 0 3.85) (layer F.Fab)
      (effects (font (size 1 1) (thickness 0.15)))
    )
    (fp_circle (center 0 0) (end 3.1 0) (layer F.CrtYd) (width 0.05))
    (fp_circle (center 0 0) (end 2.85 0) (layer Cmts.User) (width 0.15))
    (fp_text user %R (at 0.3 0) (layer F.Fab)
      (effects (font (size 1 1) (thickness 0.15)))
    )
    (pad 1 thru_hole circle (at 0 0) (size 5.7 5.7) (drill 3.2) (layers *.Cu *.Mask))
  )

  (module MountingHole:MountingHole_3.2mm_M3_ISO7380_Pad (layer F.Cu) (tedit 56D1B4CB) (tstamp 5ED4CEE2)
    (at 146.05 48.26)
    (descr "Mounting Hole 3.2mm, M3, ISO7380")
    (tags "mounting hole 3.2mm m3 iso7380")
    (path /5ED3BC3E)
    (attr virtual)
    (fp_text reference H1 (at 0 4.445) (layer F.SilkS)
      (effects (font (size 1 1) (thickness 0.15)))
    )
    (fp_text value MountingHole (at 0 3.85) (layer F.Fab)
      (effects (font (size 1 1) (thickness 0.15)))
    )
    (fp_text user %R (at 0.3 0) (layer F.Fab)
      (effects (font (size 1 1) (thickness 0.15)))
    )
    (fp_circle (center 0 0) (end 2.85 0) (layer Cmts.User) (width 0.15))
    (fp_circle (center 0 0) (end 3.1 0) (layer F.CrtYd) (width 0.05))
    (pad 1 thru_hole circle (at 0 0) (size 5.7 5.7) (drill 3.2) (layers *.Cu *.Mask))
  )

  (module Resistor_SMD:R_0603_1608Metric_Pad1.05x0.95mm_HandSolder (layer F.Cu) (tedit 5B301BBD) (tstamp 5ED4BC28)
    (at 133.985 56.515 270)
    (descr "Resistor SMD 0603 (1608 Metric), square (rectangular) end terminal, IPC_7351 nominal with elongated pad for handsoldering. (Body size source: http://www.tortai-tech.com/upload/download/2011102023233369053.pdf), generated with kicad-footprint-generator")
    (tags "resistor handsolder")
    (path /5ED401FC)
    (attr smd)
    (fp_text reference R12 (at 0 -1.905 270) (layer F.SilkS)
      (effects (font (size 1 1) (thickness 0.15)))
    )
    (fp_text value 1.00kΩ (at 0 1.43 270) (layer F.Fab)
      (effects (font (size 1 1) (thickness 0.15)))
    )
    (fp_text user %R (at 0 0 270) (layer F.Fab)
      (effects (font (size 0.4 0.4) (thickness 0.06)))
    )
    (fp_line (start 1.65 0.73) (end -1.65 0.73) (layer F.CrtYd) (width 0.05))
    (fp_line (start 1.65 -0.73) (end 1.65 0.73) (layer F.CrtYd) (width 0.05))
    (fp_line (start -1.65 -0.73) (end 1.65 -0.73) (layer F.CrtYd) (width 0.05))
    (fp_line (start -1.65 0.73) (end -1.65 -0.73) (layer F.CrtYd) (width 0.05))
    (fp_line (start -0.171267 0.51) (end 0.171267 0.51) (layer F.SilkS) (width 0.12))
    (fp_line (start -0.171267 -0.51) (end 0.171267 -0.51) (layer F.SilkS) (width 0.12))
    (fp_line (start 0.8 0.4) (end -0.8 0.4) (layer F.Fab) (width 0.1))
    (fp_line (start 0.8 -0.4) (end 0.8 0.4) (layer F.Fab) (width 0.1))
    (fp_line (start -0.8 -0.4) (end 0.8 -0.4) (layer F.Fab) (width 0.1))
    (fp_line (start -0.8 0.4) (end -0.8 -0.4) (layer F.Fab) (width 0.1))
    (pad 2 smd roundrect (at 0.875 0 270) (size 1.05 0.95) (layers F.Cu F.Paste F.Mask) (roundrect_rratio 0.25)
      (net 1 "Net-(R12-Pad2)"))
    (pad 1 smd roundrect (at -0.875 0 270) (size 1.05 0.95) (layers F.Cu F.Paste F.Mask) (roundrect_rratio 0.25)
      (net 2 "Net-(R12-Pad1)"))
    (model ${KISYS3DMOD}/Resistor_SMD.3dshapes/R_0603_1608Metric.wrl
      (at (xyz 0 0 0))
      (scale (xyz 1 1 1))
      (rotate (xyz 0 0 0))
    )
  )

  (module Resistor_SMD:R_0603_1608Metric_Pad1.05x0.95mm_HandSolder (layer F.Cu) (tedit 5B301BBD) (tstamp 5ED49EC1)
    (at 114.935 85.09 90)
    (descr "Resistor SMD 0603 (1608 Metric), square (rectangular) end terminal, IPC_7351 nominal with elongated pad for handsoldering. (Body size source: http://www.tortai-tech.com/upload/download/2011102023233369053.pdf), generated with kicad-footprint-generator")
    (tags "resistor handsolder")
    (path /5ED446B3)
    (attr smd)
    (fp_text reference R11 (at 3.175 0.635 90) (layer F.SilkS)
      (effects (font (size 1 1) (thickness 0.15)))
    )
    (fp_text value 1.00kΩ (at 0 1.43 90) (layer F.Fab)
      (effects (font (size 1 1) (thickness 0.15)))
    )
    (fp_line (start -0.8 0.4) (end -0.8 -0.4) (layer F.Fab) (width 0.1))
    (fp_line (start -0.8 -0.4) (end 0.8 -0.4) (layer F.Fab) (width 0.1))
    (fp_line (start 0.8 -0.4) (end 0.8 0.4) (layer F.Fab) (width 0.1))
    (fp_line (start 0.8 0.4) (end -0.8 0.4) (layer F.Fab) (width 0.1))
    (fp_line (start -0.171267 -0.51) (end 0.171267 -0.51) (layer F.SilkS) (width 0.12))
    (fp_line (start -0.171267 0.51) (end 0.171267 0.51) (layer F.SilkS) (width 0.12))
    (fp_line (start -1.65 0.73) (end -1.65 -0.73) (layer F.CrtYd) (width 0.05))
    (fp_line (start -1.65 -0.73) (end 1.65 -0.73) (layer F.CrtYd) (width 0.05))
    (fp_line (start 1.65 -0.73) (end 1.65 0.73) (layer F.CrtYd) (width 0.05))
    (fp_line (start 1.65 0.73) (end -1.65 0.73) (layer F.CrtYd) (width 0.05))
    (fp_text user %R (at 0 0 90) (layer F.Fab)
      (effects (font (size 0.4 0.4) (thickness 0.06)))
    )
    (pad 1 smd roundrect (at -0.875 0 90) (size 1.05 0.95) (layers F.Cu F.Paste F.Mask) (roundrect_rratio 0.25)
      (net 31 /CTP_SDA))
    (pad 2 smd roundrect (at 0.875 0 90) (size 1.05 0.95) (layers F.Cu F.Paste F.Mask) (roundrect_rratio 0.25)
      (net 42 /I_CTP_SDA))
    (model ${KISYS3DMOD}/Resistor_SMD.3dshapes/R_0603_1608Metric.wrl
      (at (xyz 0 0 0))
      (scale (xyz 1 1 1))
      (rotate (xyz 0 0 0))
    )
  )

  (module Resistor_SMD:R_0603_1608Metric_Pad1.05x0.95mm_HandSolder (layer F.Cu) (tedit 5B301BBD) (tstamp 5ED4DD1E)
    (at 132.715 87.63 90)
    (descr "Resistor SMD 0603 (1608 Metric), square (rectangular) end terminal, IPC_7351 nominal with elongated pad for handsoldering. (Body size source: http://www.tortai-tech.com/upload/download/2011102023233369053.pdf), generated with kicad-footprint-generator")
    (tags "resistor handsolder")
    (path /5ED44687)
    (attr smd)
    (fp_text reference R10 (at 3.81 0 90) (layer F.SilkS)
      (effects (font (size 1 1) (thickness 0.15)))
    )
    (fp_text value 1.00kΩ (at 0 1.43 90) (layer F.Fab)
      (effects (font (size 1 1) (thickness 0.15)))
    )
    (fp_text user %R (at 0 0 90) (layer F.Fab)
      (effects (font (size 0.4 0.4) (thickness 0.06)))
    )
    (fp_line (start 1.65 0.73) (end -1.65 0.73) (layer F.CrtYd) (width 0.05))
    (fp_line (start 1.65 -0.73) (end 1.65 0.73) (layer F.CrtYd) (width 0.05))
    (fp_line (start -1.65 -0.73) (end 1.65 -0.73) (layer F.CrtYd) (width 0.05))
    (fp_line (start -1.65 0.73) (end -1.65 -0.73) (layer F.CrtYd) (width 0.05))
    (fp_line (start -0.171267 0.51) (end 0.171267 0.51) (layer F.SilkS) (width 0.12))
    (fp_line (start -0.171267 -0.51) (end 0.171267 -0.51) (layer F.SilkS) (width 0.12))
    (fp_line (start 0.8 0.4) (end -0.8 0.4) (layer F.Fab) (width 0.1))
    (fp_line (start 0.8 -0.4) (end 0.8 0.4) (layer F.Fab) (width 0.1))
    (fp_line (start -0.8 -0.4) (end 0.8 -0.4) (layer F.Fab) (width 0.1))
    (fp_line (start -0.8 0.4) (end -0.8 -0.4) (layer F.Fab) (width 0.1))
    (pad 2 smd roundrect (at 0.875 0 90) (size 1.05 0.95) (layers F.Cu F.Paste F.Mask) (roundrect_rratio 0.25)
      (net 43 /I_SCK))
    (pad 1 smd roundrect (at -0.875 0 90) (size 1.05 0.95) (layers F.Cu F.Paste F.Mask) (roundrect_rratio 0.25)
      (net 32 /SCK))
    (model ${KISYS3DMOD}/Resistor_SMD.3dshapes/R_0603_1608Metric.wrl
      (at (xyz 0 0 0))
      (scale (xyz 1 1 1))
      (rotate (xyz 0 0 0))
    )
  )

  (module Resistor_SMD:R_0603_1608Metric_Pad1.05x0.95mm_HandSolder (layer F.Cu) (tedit 5B301BBD) (tstamp 5ED4DCEE)
    (at 136.525 86.36 90)
    (descr "Resistor SMD 0603 (1608 Metric), square (rectangular) end terminal, IPC_7351 nominal with elongated pad for handsoldering. (Body size source: http://www.tortai-tech.com/upload/download/2011102023233369053.pdf), generated with kicad-footprint-generator")
    (tags "resistor handsolder")
    (path /5ED44659)
    (attr smd)
    (fp_text reference R9 (at 3.175 0 90) (layer F.SilkS)
      (effects (font (size 1 1) (thickness 0.15)))
    )
    (fp_text value 1.00kΩ (at 0 1.43 90) (layer F.Fab)
      (effects (font (size 1 1) (thickness 0.15)))
    )
    (fp_line (start -0.8 0.4) (end -0.8 -0.4) (layer F.Fab) (width 0.1))
    (fp_line (start -0.8 -0.4) (end 0.8 -0.4) (layer F.Fab) (width 0.1))
    (fp_line (start 0.8 -0.4) (end 0.8 0.4) (layer F.Fab) (width 0.1))
    (fp_line (start 0.8 0.4) (end -0.8 0.4) (layer F.Fab) (width 0.1))
    (fp_line (start -0.171267 -0.51) (end 0.171267 -0.51) (layer F.SilkS) (width 0.12))
    (fp_line (start -0.171267 0.51) (end 0.171267 0.51) (layer F.SilkS) (width 0.12))
    (fp_line (start -1.65 0.73) (end -1.65 -0.73) (layer F.CrtYd) (width 0.05))
    (fp_line (start -1.65 -0.73) (end 1.65 -0.73) (layer F.CrtYd) (width 0.05))
    (fp_line (start 1.65 -0.73) (end 1.65 0.73) (layer F.CrtYd) (width 0.05))
    (fp_line (start 1.65 0.73) (end -1.65 0.73) (layer F.CrtYd) (width 0.05))
    (fp_text user %R (at 0 0 90) (layer F.Fab)
      (effects (font (size 0.4 0.4) (thickness 0.06)))
    )
    (pad 1 smd roundrect (at -0.875 0 90) (size 1.05 0.95) (layers F.Cu F.Paste F.Mask) (roundrect_rratio 0.25)
      (net 33 /SDO))
    (pad 2 smd roundrect (at 0.875 0 90) (size 1.05 0.95) (layers F.Cu F.Paste F.Mask) (roundrect_rratio 0.25)
      (net 44 /I_SDO))
    (model ${KISYS3DMOD}/Resistor_SMD.3dshapes/R_0603_1608Metric.wrl
      (at (xyz 0 0 0))
      (scale (xyz 1 1 1))
      (rotate (xyz 0 0 0))
    )
  )

  (module Resistor_SMD:R_0603_1608Metric_Pad1.05x0.95mm_HandSolder (layer F.Cu) (tedit 5B301BBD) (tstamp 5ED49E91)
    (at 113.665 81.28 90)
    (descr "Resistor SMD 0603 (1608 Metric), square (rectangular) end terminal, IPC_7351 nominal with elongated pad for handsoldering. (Body size source: http://www.tortai-tech.com/upload/download/2011102023233369053.pdf), generated with kicad-footprint-generator")
    (tags "resistor handsolder")
    (path /5ED44631)
    (attr smd)
    (fp_text reference R8 (at 2.54 0.635 90) (layer F.SilkS)
      (effects (font (size 1 1) (thickness 0.15)))
    )
    (fp_text value 1.00kΩ (at 0 1.43 90) (layer F.Fab)
      (effects (font (size 1 1) (thickness 0.15)))
    )
    (fp_text user %R (at 0 0 90) (layer F.Fab)
      (effects (font (size 0.4 0.4) (thickness 0.06)))
    )
    (fp_line (start 1.65 0.73) (end -1.65 0.73) (layer F.CrtYd) (width 0.05))
    (fp_line (start 1.65 -0.73) (end 1.65 0.73) (layer F.CrtYd) (width 0.05))
    (fp_line (start -1.65 -0.73) (end 1.65 -0.73) (layer F.CrtYd) (width 0.05))
    (fp_line (start -1.65 0.73) (end -1.65 -0.73) (layer F.CrtYd) (width 0.05))
    (fp_line (start -0.171267 0.51) (end 0.171267 0.51) (layer F.SilkS) (width 0.12))
    (fp_line (start -0.171267 -0.51) (end 0.171267 -0.51) (layer F.SilkS) (width 0.12))
    (fp_line (start 0.8 0.4) (end -0.8 0.4) (layer F.Fab) (width 0.1))
    (fp_line (start 0.8 -0.4) (end 0.8 0.4) (layer F.Fab) (width 0.1))
    (fp_line (start -0.8 -0.4) (end 0.8 -0.4) (layer F.Fab) (width 0.1))
    (fp_line (start -0.8 0.4) (end -0.8 -0.4) (layer F.Fab) (width 0.1))
    (pad 2 smd roundrect (at 0.875 0 90) (size 1.05 0.95) (layers F.Cu F.Paste F.Mask) (roundrect_rratio 0.25)
      (net 41 /I_CTP_SCL))
    (pad 1 smd roundrect (at -0.875 0 90) (size 1.05 0.95) (layers F.Cu F.Paste F.Mask) (roundrect_rratio 0.25)
      (net 30 /CTP_SCL))
    (model ${KISYS3DMOD}/Resistor_SMD.3dshapes/R_0603_1608Metric.wrl
      (at (xyz 0 0 0))
      (scale (xyz 1 1 1))
      (rotate (xyz 0 0 0))
    )
  )

  (module Resistor_SMD:R_0603_1608Metric_Pad1.05x0.95mm_HandSolder (layer F.Cu) (tedit 5B301BBD) (tstamp 5ED49E81)
    (at 127 87.63 90)
    (descr "Resistor SMD 0603 (1608 Metric), square (rectangular) end terminal, IPC_7351 nominal with elongated pad for handsoldering. (Body size source: http://www.tortai-tech.com/upload/download/2011102023233369053.pdf), generated with kicad-footprint-generator")
    (tags "resistor handsolder")
    (path /5ED4460B)
    (attr smd)
    (fp_text reference R7 (at 3.175 0 90) (layer F.SilkS)
      (effects (font (size 1 1) (thickness 0.15)))
    )
    (fp_text value 1.00kΩ (at 0 1.43 90) (layer F.Fab)
      (effects (font (size 1 1) (thickness 0.15)))
    )
    (fp_line (start -0.8 0.4) (end -0.8 -0.4) (layer F.Fab) (width 0.1))
    (fp_line (start -0.8 -0.4) (end 0.8 -0.4) (layer F.Fab) (width 0.1))
    (fp_line (start 0.8 -0.4) (end 0.8 0.4) (layer F.Fab) (width 0.1))
    (fp_line (start 0.8 0.4) (end -0.8 0.4) (layer F.Fab) (width 0.1))
    (fp_line (start -0.171267 -0.51) (end 0.171267 -0.51) (layer F.SilkS) (width 0.12))
    (fp_line (start -0.171267 0.51) (end 0.171267 0.51) (layer F.SilkS) (width 0.12))
    (fp_line (start -1.65 0.73) (end -1.65 -0.73) (layer F.CrtYd) (width 0.05))
    (fp_line (start -1.65 -0.73) (end 1.65 -0.73) (layer F.CrtYd) (width 0.05))
    (fp_line (start 1.65 -0.73) (end 1.65 0.73) (layer F.CrtYd) (width 0.05))
    (fp_line (start 1.65 0.73) (end -1.65 0.73) (layer F.CrtYd) (width 0.05))
    (fp_text user %R (at 0 0 90) (layer F.Fab)
      (effects (font (size 0.4 0.4) (thickness 0.06)))
    )
    (pad 1 smd roundrect (at -0.875 0 90) (size 1.05 0.95) (layers F.Cu F.Paste F.Mask) (roundrect_rratio 0.25)
      (net 40 /RESET))
    (pad 2 smd roundrect (at 0.875 0 90) (size 1.05 0.95) (layers F.Cu F.Paste F.Mask) (roundrect_rratio 0.25)
      (net 51 /I_RESET))
    (model ${KISYS3DMOD}/Resistor_SMD.3dshapes/R_0603_1608Metric.wrl
      (at (xyz 0 0 0))
      (scale (xyz 1 1 1))
      (rotate (xyz 0 0 0))
    )
  )

  (module Resistor_SMD:R_0603_1608Metric_Pad1.05x0.95mm_HandSolder (layer F.Cu) (tedit 5B301BBD) (tstamp 5ED4A98C)
    (at 116.205 88.9 90)
    (descr "Resistor SMD 0603 (1608 Metric), square (rectangular) end terminal, IPC_7351 nominal with elongated pad for handsoldering. (Body size source: http://www.tortai-tech.com/upload/download/2011102023233369053.pdf), generated with kicad-footprint-generator")
    (tags "resistor handsolder")
    (path /5ED445E3)
    (attr smd)
    (fp_text reference R6 (at 0 1.905 90) (layer F.SilkS)
      (effects (font (size 1 1) (thickness 0.15)))
    )
    (fp_text value 1.00kΩ (at 0 1.43 90) (layer F.Fab)
      (effects (font (size 1 1) (thickness 0.15)))
    )
    (fp_text user %R (at 0 0 90) (layer F.Fab)
      (effects (font (size 0.4 0.4) (thickness 0.06)))
    )
    (fp_line (start 1.65 0.73) (end -1.65 0.73) (layer F.CrtYd) (width 0.05))
    (fp_line (start 1.65 -0.73) (end 1.65 0.73) (layer F.CrtYd) (width 0.05))
    (fp_line (start -1.65 -0.73) (end 1.65 -0.73) (layer F.CrtYd) (width 0.05))
    (fp_line (start -1.65 0.73) (end -1.65 -0.73) (layer F.CrtYd) (width 0.05))
    (fp_line (start -0.171267 0.51) (end 0.171267 0.51) (layer F.SilkS) (width 0.12))
    (fp_line (start -0.171267 -0.51) (end 0.171267 -0.51) (layer F.SilkS) (width 0.12))
    (fp_line (start 0.8 0.4) (end -0.8 0.4) (layer F.Fab) (width 0.1))
    (fp_line (start 0.8 -0.4) (end 0.8 0.4) (layer F.Fab) (width 0.1))
    (fp_line (start -0.8 -0.4) (end 0.8 -0.4) (layer F.Fab) (width 0.1))
    (fp_line (start -0.8 0.4) (end -0.8 -0.4) (layer F.Fab) (width 0.1))
    (pad 2 smd roundrect (at 0.875 0 90) (size 1.05 0.95) (layers F.Cu F.Paste F.Mask) (roundrect_rratio 0.25)
      (net 50 /I_CP_INT))
    (pad 1 smd roundrect (at -0.875 0 90) (size 1.05 0.95) (layers F.Cu F.Paste F.Mask) (roundrect_rratio 0.25)
      (net 39 /CP_INT))
    (model ${KISYS3DMOD}/Resistor_SMD.3dshapes/R_0603_1608Metric.wrl
      (at (xyz 0 0 0))
      (scale (xyz 1 1 1))
      (rotate (xyz 0 0 0))
    )
  )

  (module Resistor_SMD:R_0603_1608Metric_Pad1.05x0.95mm_HandSolder (layer F.Cu) (tedit 5ED4A872) (tstamp 5ED4DD7E)
    (at 134.62 86.995 90)
    (descr "Resistor SMD 0603 (1608 Metric), square (rectangular) end terminal, IPC_7351 nominal with elongated pad for handsoldering. (Body size source: http://www.tortai-tech.com/upload/download/2011102023233369053.pdf), generated with kicad-footprint-generator")
    (tags "resistor handsolder")
    (path /5ED445C1)
    (attr smd)
    (fp_text reference R5 (at 3.175 0 90) (layer F.SilkS)
      (effects (font (size 1 1) (thickness 0.15)))
    )
    (fp_text value 1.00kΩ (at 0 1.43 90) (layer F.Fab)
      (effects (font (size 1 1) (thickness 0.15)))
    )
    (fp_line (start -0.8 0.4) (end -0.8 -0.4) (layer F.Fab) (width 0.1))
    (fp_line (start -0.8 -0.4) (end 0.8 -0.4) (layer F.Fab) (width 0.1))
    (fp_line (start 0.8 -0.4) (end 0.8 0.4) (layer F.Fab) (width 0.1))
    (fp_line (start 0.8 0.4) (end -0.8 0.4) (layer F.Fab) (width 0.1))
    (fp_line (start -0.171267 -0.51) (end 0.171267 -0.51) (layer F.SilkS) (width 0.12))
    (fp_line (start -0.171267 0.51) (end 0.171267 0.51) (layer F.SilkS) (width 0.12))
    (fp_line (start -1.65 0.73) (end -1.65 -0.73) (layer F.CrtYd) (width 0.05))
    (fp_line (start -1.65 -0.73) (end 1.65 -0.73) (layer F.CrtYd) (width 0.05))
    (fp_line (start 1.65 -0.73) (end 1.65 0.73) (layer F.CrtYd) (width 0.05))
    (fp_line (start 1.65 0.73) (end -1.65 0.73) (layer F.CrtYd) (width 0.05))
    (fp_text user %R (at 0 0 90) (layer F.Fab)
      (effects (font (size 0.4 0.4) (thickness 0.06)))
    )
    (pad 1 smd roundrect (at -0.875 0 90) (size 1.05 0.95) (layers F.Cu F.Paste F.Mask) (roundrect_rratio 0.25)
      (net 38 /SDI))
    (pad 2 smd roundrect (at 0.875 0 90) (size 1.05 0.95) (layers F.Cu F.Paste F.Mask) (roundrect_rratio 0.25)
      (net 49 /I_SDI))
    (model ${KISYS3DMOD}/Resistor_SMD.3dshapes/R_0603_1608Metric.wrl
      (at (xyz 0 0 0))
      (scale (xyz 1 1 1))
      (rotate (xyz 0 0 0))
    )
  )

  (module Resistor_SMD:R_0603_1608Metric_Pad1.05x0.95mm_HandSolder (layer F.Cu) (tedit 5B301BBD) (tstamp 5ED4CBDA)
    (at 125.095 87.63 90)
    (descr "Resistor SMD 0603 (1608 Metric), square (rectangular) end terminal, IPC_7351 nominal with elongated pad for handsoldering. (Body size source: http://www.tortai-tech.com/upload/download/2011102023233369053.pdf), generated with kicad-footprint-generator")
    (tags "resistor handsolder")
    (path /5ED445A1)
    (attr smd)
    (fp_text reference R4 (at 0 -1.905 90) (layer F.SilkS)
      (effects (font (size 1 1) (thickness 0.15)))
    )
    (fp_text value 1.00kΩ (at 0 1.43 90) (layer F.Fab)
      (effects (font (size 1 1) (thickness 0.15)))
    )
    (fp_text user %R (at 0 0 90) (layer F.Fab)
      (effects (font (size 0.4 0.4) (thickness 0.06)))
    )
    (fp_line (start 1.65 0.73) (end -1.65 0.73) (layer F.CrtYd) (width 0.05))
    (fp_line (start 1.65 -0.73) (end 1.65 0.73) (layer F.CrtYd) (width 0.05))
    (fp_line (start -1.65 -0.73) (end 1.65 -0.73) (layer F.CrtYd) (width 0.05))
    (fp_line (start -1.65 0.73) (end -1.65 -0.73) (layer F.CrtYd) (width 0.05))
    (fp_line (start -0.171267 0.51) (end 0.171267 0.51) (layer F.SilkS) (width 0.12))
    (fp_line (start -0.171267 -0.51) (end 0.171267 -0.51) (layer F.SilkS) (width 0.12))
    (fp_line (start 0.8 0.4) (end -0.8 0.4) (layer F.Fab) (width 0.1))
    (fp_line (start 0.8 -0.4) (end 0.8 0.4) (layer F.Fab) (width 0.1))
    (fp_line (start -0.8 -0.4) (end 0.8 -0.4) (layer F.Fab) (width 0.1))
    (fp_line (start -0.8 0.4) (end -0.8 -0.4) (layer F.Fab) (width 0.1))
    (pad 2 smd roundrect (at 0.875 0 90) (size 1.05 0.95) (layers F.Cu F.Paste F.Mask) (roundrect_rratio 0.25)
      (net 48 /I_BL_PWM))
    (pad 1 smd roundrect (at -0.875 0 90) (size 1.05 0.95) (layers F.Cu F.Paste F.Mask) (roundrect_rratio 0.25)
      (net 37 /BL_PWM))
    (model ${KISYS3DMOD}/Resistor_SMD.3dshapes/R_0603_1608Metric.wrl
      (at (xyz 0 0 0))
      (scale (xyz 1 1 1))
      (rotate (xyz 0 0 0))
    )
  )

  (module Resistor_SMD:R_0603_1608Metric_Pad1.05x0.95mm_HandSolder (layer F.Cu) (tedit 5B301BBD) (tstamp 5ED4DD4E)
    (at 130.81 87.63 90)
    (descr "Resistor SMD 0603 (1608 Metric), square (rectangular) end terminal, IPC_7351 nominal with elongated pad for handsoldering. (Body size source: http://www.tortai-tech.com/upload/download/2011102023233369053.pdf), generated with kicad-footprint-generator")
    (tags "resistor handsolder")
    (path /5ED44583)
    (attr smd)
    (fp_text reference R3 (at 3.175 0 90) (layer F.SilkS)
      (effects (font (size 1 1) (thickness 0.15)))
    )
    (fp_text value 1.00kΩ (at 0 1.43 90) (layer F.Fab)
      (effects (font (size 1 1) (thickness 0.15)))
    )
    (fp_line (start -0.8 0.4) (end -0.8 -0.4) (layer F.Fab) (width 0.1))
    (fp_line (start -0.8 -0.4) (end 0.8 -0.4) (layer F.Fab) (width 0.1))
    (fp_line (start 0.8 -0.4) (end 0.8 0.4) (layer F.Fab) (width 0.1))
    (fp_line (start 0.8 0.4) (end -0.8 0.4) (layer F.Fab) (width 0.1))
    (fp_line (start -0.171267 -0.51) (end 0.171267 -0.51) (layer F.SilkS) (width 0.12))
    (fp_line (start -0.171267 0.51) (end 0.171267 0.51) (layer F.SilkS) (width 0.12))
    (fp_line (start -1.65 0.73) (end -1.65 -0.73) (layer F.CrtYd) (width 0.05))
    (fp_line (start -1.65 -0.73) (end 1.65 -0.73) (layer F.CrtYd) (width 0.05))
    (fp_line (start 1.65 -0.73) (end 1.65 0.73) (layer F.CrtYd) (width 0.05))
    (fp_line (start 1.65 0.73) (end -1.65 0.73) (layer F.CrtYd) (width 0.05))
    (fp_text user %R (at 0 0 90) (layer F.Fab)
      (effects (font (size 0.4 0.4) (thickness 0.06)))
    )
    (pad 1 smd roundrect (at -0.875 0 90) (size 1.05 0.95) (layers F.Cu F.Paste F.Mask) (roundrect_rratio 0.25)
      (net 36 /WAIT))
    (pad 2 smd roundrect (at 0.875 0 90) (size 1.05 0.95) (layers F.Cu F.Paste F.Mask) (roundrect_rratio 0.25)
      (net 47 /I_WAIT))
    (model ${KISYS3DMOD}/Resistor_SMD.3dshapes/R_0603_1608Metric.wrl
      (at (xyz 0 0 0))
      (scale (xyz 1 1 1))
      (rotate (xyz 0 0 0))
    )
  )

  (module Resistor_SMD:R_0603_1608Metric_Pad1.05x0.95mm_HandSolder (layer F.Cu) (tedit 5B301BBD) (tstamp 5ED4DDAE)
    (at 128.905 87.63 90)
    (descr "Resistor SMD 0603 (1608 Metric), square (rectangular) end terminal, IPC_7351 nominal with elongated pad for handsoldering. (Body size source: http://www.tortai-tech.com/upload/download/2011102023233369053.pdf), generated with kicad-footprint-generator")
    (tags "resistor handsolder")
    (path /5ED44561)
    (attr smd)
    (fp_text reference R2 (at 3.175 0 90) (layer F.SilkS)
      (effects (font (size 1 1) (thickness 0.15)))
    )
    (fp_text value 1.00kΩ (at 0 1.43 90) (layer F.Fab)
      (effects (font (size 1 1) (thickness 0.15)))
    )
    (fp_text user %R (at 0 0 90) (layer F.Fab)
      (effects (font (size 0.4 0.4) (thickness 0.06)))
    )
    (fp_line (start 1.65 0.73) (end -1.65 0.73) (layer F.CrtYd) (width 0.05))
    (fp_line (start 1.65 -0.73) (end 1.65 0.73) (layer F.CrtYd) (width 0.05))
    (fp_line (start -1.65 -0.73) (end 1.65 -0.73) (layer F.CrtYd) (width 0.05))
    (fp_line (start -1.65 0.73) (end -1.65 -0.73) (layer F.CrtYd) (width 0.05))
    (fp_line (start -0.171267 0.51) (end 0.171267 0.51) (layer F.SilkS) (width 0.12))
    (fp_line (start -0.171267 -0.51) (end 0.171267 -0.51) (layer F.SilkS) (width 0.12))
    (fp_line (start 0.8 0.4) (end -0.8 0.4) (layer F.Fab) (width 0.1))
    (fp_line (start 0.8 -0.4) (end 0.8 0.4) (layer F.Fab) (width 0.1))
    (fp_line (start -0.8 -0.4) (end 0.8 -0.4) (layer F.Fab) (width 0.1))
    (fp_line (start -0.8 0.4) (end -0.8 -0.4) (layer F.Fab) (width 0.1))
    (pad 2 smd roundrect (at 0.875 0 90) (size 1.05 0.95) (layers F.Cu F.Paste F.Mask) (roundrect_rratio 0.25)
      (net 46 /I_INT))
    (pad 1 smd roundrect (at -0.875 0 90) (size 1.05 0.95) (layers F.Cu F.Paste F.Mask) (roundrect_rratio 0.25)
      (net 35 /INT))
    (model ${KISYS3DMOD}/Resistor_SMD.3dshapes/R_0603_1608Metric.wrl
      (at (xyz 0 0 0))
      (scale (xyz 1 1 1))
      (rotate (xyz 0 0 0))
    )
  )

  (module Resistor_SMD:R_0603_1608Metric_Pad1.05x0.95mm_HandSolder (layer F.Cu) (tedit 5ED4A785) (tstamp 5ED4DDDE)
    (at 138.43 85.725 90)
    (descr "Resistor SMD 0603 (1608 Metric), square (rectangular) end terminal, IPC_7351 nominal with elongated pad for handsoldering. (Body size source: http://www.tortai-tech.com/upload/download/2011102023233369053.pdf), generated with kicad-footprint-generator")
    (tags "resistor handsolder")
    (path /5ED4350E)
    (attr smd)
    (fp_text reference R1 (at 3.175 0 90) (layer F.SilkS)
      (effects (font (size 1 1) (thickness 0.15)))
    )
    (fp_text value 1.00kΩ (at 0 1.43 90) (layer F.Fab)
      (effects (font (size 1 1) (thickness 0.15)))
    )
    (fp_line (start -0.8 0.4) (end -0.8 -0.4) (layer F.Fab) (width 0.1))
    (fp_line (start -0.8 -0.4) (end 0.8 -0.4) (layer F.Fab) (width 0.1))
    (fp_line (start 0.8 -0.4) (end 0.8 0.4) (layer F.Fab) (width 0.1))
    (fp_line (start 0.8 0.4) (end -0.8 0.4) (layer F.Fab) (width 0.1))
    (fp_line (start -0.171267 -0.51) (end 0.171267 -0.51) (layer F.SilkS) (width 0.12))
    (fp_line (start -0.171267 0.51) (end 0.171267 0.51) (layer F.SilkS) (width 0.12))
    (fp_line (start -1.65 0.73) (end -1.65 -0.73) (layer F.CrtYd) (width 0.05))
    (fp_line (start -1.65 -0.73) (end 1.65 -0.73) (layer F.CrtYd) (width 0.05))
    (fp_line (start 1.65 -0.73) (end 1.65 0.73) (layer F.CrtYd) (width 0.05))
    (fp_line (start 1.65 0.73) (end -1.65 0.73) (layer F.CrtYd) (width 0.05))
    (fp_text user %R (at 0 0 90) (layer F.Fab)
      (effects (font (size 0.4 0.4) (thickness 0.06)))
    )
    (pad 1 smd roundrect (at -0.875 0 90) (size 1.05 0.95) (layers F.Cu F.Paste F.Mask) (roundrect_rratio 0.25)
      (net 34 /SCS))
    (pad 2 smd roundrect (at 0.875 0 90) (size 1.05 0.95) (layers F.Cu F.Paste F.Mask) (roundrect_rratio 0.25)
      (net 45 /I_SCS))
    (model ${KISYS3DMOD}/Resistor_SMD.3dshapes/R_0603_1608Metric.wrl
      (at (xyz 0 0 0))
      (scale (xyz 1 1 1))
      (rotate (xyz 0 0 0))
    )
  )

  (module Capacitor_THT:CP_Radial_D8.0mm_P3.50mm (layer F.Cu) (tedit 5AE50EF0) (tstamp 5ED486FD)
    (at 132.715 66.675 90)
    (descr "CP, Radial series, Radial, pin pitch=3.50mm, , diameter=8mm, Electrolytic Capacitor")
